# Created by Octave 9.2.0, Fri Dec 20 23:34:32 2024 CST <verden@verden>
# name: X
# type: matrix
# rows: 1000
# columns: 2
 0.98218568211769586 -0.28637772688681351
 -0.68885068555015194 -0.79822006375501264
 0.4231836574292891 0.21813312041346666
 1.2625070573625226 -1.0623195028421162
 1.1596393318588907 0.31602911787515953
 1.6938403383275915 -0.33435947403030208
 0.64539649214135286 -1.7242523763079163
 1.8078365233831812 -1.1975555574460202
 1.2641861016681135 -0.91266149443451217
 1.3917501949847293 -1.189974781062372
 1.4075538900296725 -2.3040709336314533
 1.4466566677666894 -1.9609571382587596
 0.65610514875639603 -0.72512833620964967
 1.4744877611978002 -0.41629651629267794
 1.2106116290309794 1.741587750920143
 1.702277133165522 -0.83676198024434278
 0.35866799446781539 -1.6579408527960344
 2.4772469476082124 -0.99756395235437401
 0.92302319562718182 -1.3246103398116751
 0.90836659719666812 -0.47305725645201424
 1.2104776164273023 -0.28321954846031472
 0.13960362429216444 -0.13332900034421369
 1.7581695700038511 -2.2797947185025151
 0.74889164371443073 -0.027092363893394089
 0.79022349189060881 -3.1880263705575964
 2.4554077209851375 -1.2670202340606387
 1.8064776099594555 -1.300547320456843
 -0.11541825189490451 0.64243794791504838
 0.85878540058194552 -0.78617344379353993
 0.070085670747172313 -0.77841876254246212
 3.224844597307337 -3.1544063952388641
 1.9988819997826432 -1.0767786206606313
 0.27787310495334505 -0.93974571782713279
 -0.66857601106801412 -0.06439007701271382
 2.2674244253855864 0.65063510665869217
 2.7614276027345266 0.39633535235962869
 2.6443304589349133 -2.0256103368209071
 0.91977225373416882 -0.93780303767999651
 0.83196049683688822 0.22260958834365918
 1.7419789745850875 -1.590151577794664
 -0.15508005982805106 -1.2759369384578196
 2.1860869764976316 0.84935548676371164
 1.0170077249242506 -1.7244522039666408
 -0.077608987717979305 -1.5882468438327988
 0.13108019907738366 -0.63301570718229483
 0.57852603756939991 -0.92038777781917047
 2.7630790062746664 -1.5125180866180776
 1.2502660896547575 0.611707827262572
 0.70202563600851464 -2.8972685506426763
 1.2997417099183228 0.34953055157802182
 1.626290850765844 -0.89970032083717344
 1.2249690310966248 -1.9457839861074964
 2.4117502672943365 -0.23445549645547104
 1.2306995491241277 -0.55313805910782599
 1.9692041108632869 -1.2516444393311295
 -0.29690607522622492 -0.77480054468725523
 1.705176475766307 -0.79576588482731914
 -0.61773085875185862 -1.4528337670094178
 1.7701620153655342 -0.63507319094942938
 0.96042144089374082 -1.0900556051940873
 2.8664278164543959 -0.52108474224695445
 0.8210854035205527 -1.4652733238155498
 1.2418294801508432 0.95926217274063053
 1.0257378146805864 -1.2527069531175574
 0.33758457930961805 -1.7036033529053629
 0.92509448068536793 -0.6868534001562584
 1.2820751257231846 -1.038637479113943
 1.5102135396571441 -0.74060329330226427
 2.8993870189234774 -2.1182156352204347
 -0.68491721876646294 -0.76473868246431587
 0.28353260673551706 -0.2683942167505029
 0.63211356933975549 -1.1302321791612058
 -0.72524759749023637 -1.8935517335303551
 1.7041653100075771 -0.14249013443213532
 0.51530813943210774 -0.42330875635397869
 2.7337732042815581 -0.72623895360188728
 0.20429947673501325 -1.6295738529757684
 0.79364413492609487 -0.11713829002114351
 1.1739848410122724 -1.0891580302767514
 0.76492845768192141 0.44130033940148516
 0.016283201053510443 -1.1158884513462266
 2.4621322509431889 -3.1321402408983348
 2.057118054974111 -2.8184062776539291
 3.399581244381594 -0.9406139859589393
 0.4072990650063798 -0.8289150762856583
 0.48173413927335262 0.19882291859443102
 1.4659465326442844 -0.8265607920850514
 1.520574895694812 0.36185010493499914
 0.04691241031689608 -0.75264164834551806
 1.7513424289948061 -0.061009321771088754
 1.7440714521937883 -1.0118829078576721
 3.564173686322841 -1.6699446718325381
 0.54875979148653564 -2.0987303816801504
 0.86029617522119883 0.021192695184478749
 2.280908030234897 -0.48233854154814693
 1.5155980821631163 -0.092240618569861543
 1.9207291805829549 -0.52630587641901871
 0.5094582185959442 -1.5008030742035277
 3.1004299533271045 -0.52194996242721736
 1.5299140092546981 -0.57544273056549866
 2.4667822108367394 0.25613786671869643
 2.1846099932876024 -1.5510362097193671
 2.5934171048135006 -0.22279227386013478
 0.72028645066818298 0.6732794313206294
 -0.5120576821363978 0.30208987803849463
 0.11345298195705311 -1.2080344950581496
 0.4174242238764676 -2.7178303392761105
 1.2160182867511296 0.50811093569758459
 -0.8525545785425388 -2.1097475820145912
 2.5474797975501682 -2.1616839592984238
 1.5188384452627732 -0.15185561928667901
 -0.47078178343063337 0.050468180944676533
 0.77821356502898897 -1.4157056285771739
 1.4291462263320431 -1.3610557826205931
 1.5936743677478313 -1.0982041443673247
 1.7936271065235609 -2.1103487200433251
 0.98111246478780867 -0.75726504907682402
 1.2001213408808864 -0.3173386958388329
 0.19764799806221345 -0.53412623476312748
 1.6883972381087369 -0.72944154728483324
 -0.70983292069573101 -0.45249572969518992
 2.4677675328806457 -2.615606460691474
 1.3776404494295664 -1.3699671351964571
 0.55971764384249034 -0.79905444540875603
 1.3862406287248992 -1.5038912670798836
 1.6145860437581505 -1.9651764885689531
 0.66451202048154157 -0.15472576582143938
 1.5278321734953826 -0.41748240059457276
 1.4444028664833994 -0.09463392606171761
 1.4901448220471138 0.4108681533927161
 0.72663287122014897 0.60361586063414574
 1.4274886065777461 -1.4105820221450414
 -0.70139653857038109 -0.52317566222196932
 1.1963680132733427 -1.2660863933890258
 0.10064536179259986 -0.93832911115048268
 2.3010981561749548 0.43576883302838398
 2.4129285861807501 -1.2839233900739242
 0.12434237476649335 -1.3724430942072876
 0.44735867700339904 -1.9241287739079966
 0.15451001491021532 -1.8289862306674658
 1.332407305171027 0.063069794171559668
 -0.57681384244775025 -0.8574936665288192
 0.9003808879641797 -1.1629202688555391
 0.27071728405735807 -2.4058996912450938
 1.9772013268927919 -0.98358045920716464
 1.911560678172127 -0.7685339748472364
 0.4499389122525479 -1.9719029213620622
 2.0333904182460771 -1.4317010443268054
 0.10691275575590231 -2.7184853362634143
 -0.71637156956184334 -1.8353821294099022
 -0.86668500219942479 -0.6688012411428057
 0.8111201185460678 -0.72837982315356253
 0.34425347203144807 -2.6110898382427887
 0.6689658674651765 -3.1425712180978493
 1.0887896671821007 -0.45714678111208673
 0.33046235428165738 -1.5214400919603317
 1.6888154677116605 -2.7457776968495038
 0.92653279315780857 -1.9060066215139253
 1.232138689405623 -0.78842408061647118
 1.1606010336298684 0.79721807308201798
 1.072886974229428 -2.348788286266422
 0.8296707607934185 -1.3082439178229457
 -1.1114998988952851 -2.2326438806422093
 1.7827074922705197 -1.042686125378699
 0.63614048438009885 -2.2790060613597829
 1.3425831190014748 -1.793987455686322
 3.0948027567897003 -2.4784308162000812
 1.5492230942772238 -1.8539520800280127
 2.7886702210695047 -1.1898048147697362
 -0.39944275086607473 -1.7070001328994238
 1.2981043777946566 -1.8057889716359408
 1.0065239529198549 0.17308778600222152
 1.1690570901976036 -0.76512930739726404
 -0.51046627870994588 0.034728910118341894
 0.78790249160634207 -1.8653867203986063
 0.7676833851109055 -2.3947885141704441
 1.1301408589509077 -0.51292432085663719
 0.0049811771386286674 -1.8883924052897427
 0.67504418715207049 0.34683094192584307
 1.821995308770942 -2.9985691108609318
 1.6003402933823514 -1.5923749900338875
 0.38053570040574614 -1.7370870418716051
 1.5212318898868247 -1.5654461827202781
 -0.69154920279172027 -0.9067969595746207
 2.0806818211039761 1.4191684826364788
 0.24927210184684645 -2.0973807356311456
 0.10321470714556014 -0.34233868395643097
 1.9503264450079669 -1.4281993277567795
 1.2406089898035266 0.09232686871842577
 -0.90349085474259971 -1.1773234118380482
 0.36519865970494869 -0.45493206173944645
 0.5576861868065468 -2.2459025471677925
 1.3026264331691468 -2.2971279337412511
