# 矩阵大作业二

矩阵正交分解的程序实现，包括Modified Gram-Schmid方法，Houshold reduction和Givens reduction方法


## 程序介绍

使用c++编写程序。使用CMake来构建程序。

编译时需要在目录下执行

```
➜  work2 git:(master) ✗ mkdir build
➜  work2 git:(master) ✗ cd build                                
➜  build git:(master) ✗ cmake ..                                
-- The C compiler identification is GNU 14.2.1                  
-- The CXX compiler identification is GNU 14.2.1                
-- Detecting C compiler ABI info                                
-- Detecting C compiler ABI info - done                         
-- Check for working C compiler: /usr/bin/cc - skipped          
-- Detecting C compile features                                 
-- Detecting C compile features - done                          
-- Detecting CXX compiler ABI info                              
-- Detecting CXX compiler ABI info - done                       
-- Check for working CXX compiler: /usr/bin/c++ - skipped       
-- Detecting CXX compile features                               
-- Detecting CXX compile features - done                        
-- Configuring done (0.3s)                                      
-- Generating done (0.0s)                                       
-- Build files have been written to: /home/verden/course/matrix/docs/矩阵分析与应用/work2/build
➜  build git:(master) ✗ make                          
[ 25%] Building CXX object CMakeFiles/QRReduction.dir/src/1.cc.o                                                        
[ 50%] Building CXX object CMakeFiles/QRReduction.dir/src/QRReduction.cc.o
[ 75%] Building CXX object CMakeFiles/QRReduction.dir/src/matrix.cc.o
[100%] Linking CXX executable /home/verden/course/matrix/docs/矩阵分析与应用/work2/bin/QRReduction
[100%] Built target QRReduction
```

最后make之后，程序会出现在 `./bin/QRReduction`。

这时可以运行程序`./bin/QRRediction`。

程序接收参数，决定是那种分解。

- `-M` 代表ModifiedGramdSchmid
- `-H` 代表Householder
- `-G` 代表Givens
- `-E` 代表需要求解方程组

默认是`-M` 即ModifiedGramdSchmid且不需要解方程组。

示例 `-ME` 代表ModifiedGramdSchmid且需要解方程组。`-GE`代表使用Givens方法解方程组。`-H` 代表Householder方法不解方程组。


标准输入输入第一行,两个整数，代表矩阵A的行和列。
紧接着输入$n \times m$个浮点数，共n行，每行m个，中间使用空格分隔。

如果需要解方程组，则需要接着输入n个浮点数，代表b。


## 示例一

不使用参数，则默认ModifiedGramdSchmid

```
➜  work2 git:(master) ✗ ./bin/QRReduction      
5 5
0.9952973706     0.5098423252    0.4543708709    0.0271539904   0.9591402030
 0.6690631755    0.1272083310    0.3189241740    0.6760941644   0.5925031291
 0.5726088898    0.5245402971    0.3114149074    0.7465644939   0.6842381208
-0.0482343084    0.8530920309    0.0505321549    0.1598444653   0.3173371505
 0.3378933039    0.6281084162    0.2143944361    0.5948257834   0.5408980033
```
程序输出

```
ModifiedGramdSchmidQR分解完成：
A矩阵：
-------------------
5 5
0.995297 0.509842 0.454371 0.027154 0.959140
0.669063 0.127208 0.318924 0.676094 0.592503
0.572609 0.524540 0.311415 0.746564 0.684238
-0.048234 0.853092 0.050532 0.159844 0.317337
0.337893 0.628108 0.214394 0.594826 0.540898
Q矩阵：
-------------------
5 5
0.725386 -0.050857 -0.681999 -0.000000 -0.000000
0.487622 -0.242323 0.476001 0.000000 0.000000
0.417325 0.194039 0.433790 0.000000 0.000000
-0.035154 0.850187 -0.157449 0.000000 0.000000
0.246261 0.422165 0.308766 -0.000000 -0.000000
R矩阵：
-------------------
5 5
1.372094 0.775455 0.666090 0.801799 1.392260
0.000000 1.035480 0.093508 0.366661 0.438557
0.000000 0.000000 0.035258 0.785650 0.041762
-0.000000 -0.000000 -0.000000 -0.000000 -0.000000
-0.000000 -0.000000 -0.000000 -0.000000 -0.000000
Q * R矩阵：
-------------------
5 5
0.995297 0.509842 0.454371 0.027154 0.959140
0.669063 0.127208 0.318924 0.676094 0.592503
0.572609 0.524540 0.311415 0.746564 0.684238
-0.048234 0.853092 0.050532 0.159844 0.317337
0.337893 0.628108 0.214394 0.594826 0.540898
```

## 示例二

其中参数`-GE` 代表使用Givens方法，并且求解方程

```
➜  work2 git:(master) ✗ ./bin/QRReduction -GE      
5 5
0.9952973706     0.5098423252    0.4543708709    0.0271539904   0.9591402030
 0.6690631755    0.1272083310    0.3189241740    0.6760941644   0.5925031291
 0.5726088898    0.5245402971    0.3114149074    0.7465644939   0.6842381208
-0.0482343084    0.8530920309    0.0505321549    0.1598444653   0.3173371505
 0.3378933039    0.6281084162    0.2143944361    0.5948257834   0.5408980033
1 1 1 1 1

```

程序输出

```
GivensQR分解完成：
A矩阵：
-------------------
5 5
0.995297 0.509842 0.454371 0.027154 0.959140
0.669063 0.127208 0.318924 0.676094 0.592503
0.572609 0.524540 0.311415 0.746564 0.684238
-0.048234 0.853092 0.050532 0.159844 0.317337
0.337893 0.628108 0.214394 0.594826 0.540898
Q矩阵：
-------------------
5 5
0.725386 -0.050857 -0.681999 0.042682 0.065461
0.487622 -0.242323 0.476001 -0.660423 -0.201915
0.417325 0.194039 0.433790 0.668977 -0.390493
-0.035154 0.850187 -0.157449 -0.338364 -0.369683
0.246261 0.422165 0.308766 0.000000 0.815963
R矩阵：
-------------------
5 5
1.372094 0.775455 0.666090 0.801799 1.392260
-0.000000 1.035480 0.093508 0.366661 0.438557
0.000000 0.000000 0.035258 0.785650 0.041762
-0.000000 0.000000 0.000000 -0.000000 -0.000000
-0.000000 0.000000 0.000000 -0.000000 -0.000000
Q * R矩阵：
-------------------
5 5
0.995297 0.509842 0.454371 0.027154 0.959140
0.669063 0.127208 0.318924 0.676094 0.592503
0.572609 0.524540 0.311415 0.746564 0.684238
-0.048234 0.853092 0.050532 0.159844 0.317337
0.337893 0.628108 0.214394 0.594826 0.540898
x :
-------------------
5 1
-3.969309
0.162032
10.752380
0.000000
0.000000
最小二乘 (a x - b) :
-------------------
5 1
0.017536
-0.205913
0.160582
-0.126974
0.065821
平方和误差 \sum (a x - b)^2 :
0.088949
```

## 示例三

使用Householder分解，解方程组

```
➜  work2 git:(master) ✗ ./bin/QRReduction -HE
2 4
1 1 2 1
1 1 3 1
5 6
```

程序输出

```
HouseholderQR分解完成：
A矩阵：
-------------------
2 4
1.000000 1.000000 2.000000 1.000000
1.000000 1.000000 3.000000 1.000000
Q矩阵：
-------------------
2 2
0.707107 0.707107
0.707107 -0.707107
R矩阵：
-------------------
2 4
1.414214 1.414214 3.535534 1.414214
0.000000 0.000000 -0.707107 0.000000
Q * R矩阵：
-------------------
2 4
1.000000 1.000000 2.000000 1.000000
1.000000 1.000000 3.000000 1.000000
x :
-------------------
4 1
3.000000
0.000000
1.000000
0.000000
最小二乘 (a x - b) :
-------------------
2 1
0.000000
0.000000
平方和误差 \sum (a x - b)^2 :
0.000000
```

## 代码解释

`./src/1.cc` 是程序入口，主要进行参数解析，数据输入。
`./src/matrix.cc` 是自定义矩阵类，实现一些矩阵操作。
`./src/QRReduction.cc` 是QR分解函数，其中的三个函数

```
    void ModifiedGramdSchmid();
    void Householder();
    void Givens();
```
分别进行三种操作。

下面给出其中ModifiedGramdSchmid相关代码，

```
void QRReduction::ModifiedGramdSchmid() {
  // 先获得矩阵m个列向量
  std::vector<Matrix> v;

  for (int i = 0; i < m; i++) {
    v.push_back(a.getCol(i));
  }

  Matrix I(n, n);
  // n 乘n的单位阵，用于后面构造矩阵 E = I - u_k u_k^T
  I.initIMatrix();

  for (int k = 0; k < m; k++) {
    if (sqrt(v[k].FNorm()) < 1e-8)
      continue;

    // 第k步，对第k个向量进行单位化
    v[k].mul(1.0 / sqrt(v[k].FNorm())); // 进行单位化

    Matrix vkt = v[k];
    vkt.transposition();

    // 算出矩阵Ek
    Matrix Ek = I - v[k] * vkt;

    // 对k之后所有向量进行单位化
    for (int j = k + 1; j < m; j++) {
      v[j] = Ek * v[j];
    }
  }

  // 进行QR分解
  Matrix Q(n, m);

  // Q 其实就是上面构造出的标准正交向量的组合
  for (int i = 0; i < m; i++)
    for (int j = 0; j < n; j++)
      Q[j][i] = v[i][j][0];

  Matrix QT = Q;
  QT.transposition();

  Matrix R = QT * a;

  this->Q = Q;
  this->R = R;
}
```


